metric,mean__chm,mean__veg_height_mean,mean__veg_height_median,mean__crr,mean__veg_height_q10,mean__veg_height_q20,mean__veg_height_q30,mean__veg_height_q40,mean__veg_height_q50,mean__veg_height_q60,mean__veg_height_q70,mean__veg_height_q80,mean__veg_height_q90,mean__veg_height_sd,mean__veg_height_cv,mean__veg_height_skew,mean__veg_height_kurt,mean__veg_height_gini,mean__canopy_cover_gt1m,mean__canopy_cover_gt1m_w,mean__fhd,mean__fhd_w,mean__vci,mean__vci_w,mean__shann_capture,mean__shann_capture_w,mean__norm_shann_capture,mean__norm_shann_capture_w,max__chm,sd__chm,sd__veg_height_mean,sd__veg_height_median,sd__crr,sd__veg_height_q10,sd__veg_height_q20,sd__veg_height_q30,sd__veg_height_q40,sd__veg_height_q50,sd__veg_height_q60,sd__veg_height_q70,sd__veg_height_q80,sd__veg_height_q90,sd__veg_height_sd,sd__veg_height_cv,sd__veg_height_skew,sd__veg_height_kurt,sd__veg_height_gini,sd__canopy_cover_gt1m,sd__canopy_cover_gt1m_w,sd__fhd,sd__fhd_w,sd__vci,sd__vci_w,sd__shann_capture,sd__shann_capture_w,sd__norm_shann_capture,sd__norm_shann_capture_w,cv__chm,cv__veg_height_mean,cv__veg_height_median,cv__veg_height_q10,cv__veg_height_q20,cv__veg_height_q30,cv__veg_height_q40,cv__veg_height_q50,cv__veg_height_q60,cv__veg_height_q70,cv__veg_height_q80,cv__veg_height_q90,cv__veg_height_sd
mean__chm,1.0,0.9707204496776191,0.958491472768388,0.2540420642231091,0.6773574201077167,0.7851134285452261,0.8680151848114145,0.9251583502046417,0.958491472768388,0.9767338881966768,0.9874640160706807,0.9941884734736257,0.9982538053829518,0.964153328155433,0.07383916673283163,-0.3073640467924172,0.24130436337206723,-0.008750514585747047,0.6070442047657275,0.585883573512746,0.7412805139498765,0.7350283649798953,0.07608193808086815,0.07157512325773228,0.7300191216487003,0.7153032846755245,0.06667601853244952,0.08448044816068515,0.8872537384361604,0.737039768254028,0.865811339167007,0.8904710529471952,0.2576718041452047,0.8746950785763298,0.8960157699302401,0.9096737297295395,0.9080489508299812,0.8904710529471952,0.8663564689990734,0.8391658738163863,0.8110872189626365,0.7796238147197546,0.8117724905996541,0.16822727814967084,0.5437677781662538,0.5697227666119341,0.16848152615185563,-0.5314975585679078,-0.5203090353000164,0.17584917498492728,0.18025791466051144,-0.4857572260314654,-0.5162083957512714,0.14323841063068737,0.14275174066314625,-0.4829657394192853,-0.49841805217285706,-0.24347958805728825,-0.1792023617069434,-0.08060352528419328,0.09813182612116031,0.05346196917147606,0.010536223921135908,-0.03536601864451369,-0.08060352528419328,-0.11913197803923498,-0.15016933509243244,-0.17633050050575086,-0.20267680209090608,-0.14791634918212118
mean__veg_height_mean,0.9707204496776191,1.0,0.9968226796247688,0.45462630213650906,0.8118762125898396,0.9027396439132668,0.9591014037803754,0.9877002148646551,0.9968226796247688,0.9960799025682598,0.9918508286724323,0.986570988226173,0.9801094229371847,0.8866648483400379,-0.12756474866378223,-0.5039193210094645,0.35069225527283454,-0.20921573501807916,0.652901129285182,0.637441439423001,0.771543814706746,0.7630734262186631,0.16335959500865257,0.15412219612575304,0.7748878825181938,0.7647841339092791,0.1726177232706025,0.19191256466283835,0.8243040270401237,0.622865612064827,0.7795055762333519,0.785252919762469,0.13102721603986095,0.9077842824152219,0.8747647108908427,0.8477882047688733,0.818849095481701,0.785252919762469,0.7527803997475909,0.7217427765438846,0.6926298717984737,0.661917832380637,0.6970170020426346,0.03343975051291734,0.4744020204702671,0.5585956130134704,0.05911230163878025,-0.5727805132971299,-0.5600340956223844,0.11614683335757742,0.11569838334747914,-0.5049687158698005,-0.5368415699794034,0.12118339806157684,0.13205552268164306,-0.4748793918084257,-0.48158242042173194,-0.3542783489083745,-0.3156790446945977,-0.24612188355523992,-0.0504037340277039,-0.10849623037356539,-0.1593351337853638,-0.20645101078265904,-0.24612188355523992,-0.275189274996607,-0.29596119747649896,-0.312257681199452,-0.3280097700909605,-0.22878634431936484
mean__veg_height_median,0.958491472768388,0.9968226796247688,1.0,0.47311164893264673,0.8027289378917754,0.902325929601992,0.9639232529016142,0.9929599613884064,1.0,0.9961775349500362,0.9886951648872724,0.9803875331341585,0.9711380302772649,0.8780280258072627,-0.138231967916162,-0.5337052955603796,0.3476818217770307,-0.21770214599094123,0.635115176301371,0.62107122910102,0.7619131212648466,0.7534411514049457,0.17142926723282045,0.16198791612347377,0.7631589580999271,0.7533998092815382,0.17736909883900323,0.1960254417869853,0.7987516918305916,0.5877208439650531,0.7553193038938645,0.7626937927545988,0.1254568808007208,0.9079639060963918,0.8754110510736691,0.8410221897133195,0.8033335357762326,0.7626937927545988,0.7253693517977507,0.6911416533832511,0.6599564737913528,0.6277144997656833,0.6653540924221012,0.027548509332075893,0.4591848865247803,0.544227209940719,0.06300154305929041,-0.5577727848318126,-0.543337914809453,0.11417659399804257,0.11091290580159947,-0.4915903539767266,-0.524855810360458,0.1265720284231524,0.139538680674622,-0.45723507454584844,-0.462357927331856,-0.3747825235522631,-0.33625383424946614,-0.2720611265374815,-0.04910563782382098,-0.11820505372501183,-0.17733507347910152,-0.2297841344246956,-0.2720611265374815,-0.30144197785056676,-0.3213913385657575,-0.33648318991808424,-0.3508842593191489,-0.2531318286464602
mean__crr,0.2540420642231091,0.45462630213650906,0.47311164893264673,1.0,0.7807358326032523,0.7268087186862313,0.6423790514866111,0.5516932568496202,0.47311164893264673,0.411122853572823,0.36235696378128096,0.3238658051525842,0.2904697145841792,0.04735998352180683,-0.8688884580152147,-0.9321629517754852,0.5333037277336183,-0.91528410655796,0.5482462602580755,0.5627119721427378,0.43920450560176494,0.42677216291994247,0.4485495867954972,0.4234907908519163,0.4969447815379518,0.5109937965407577,0.5302468994014953,0.543494754261967,0.06611135763284176,-0.16029228899929013,-0.01438881068267245,-0.07392118327654328,-0.4235566137588316,0.41454745622639827,0.2102190477025835,0.07330132225652208,-0.016577536037053784,-0.07392118327654328,-0.10872135736123302,-0.13058944928906463,-0.1441006688576751,-0.15401681004453255,-0.13398331379564907,-0.5203650233625321,-0.04453551538685711,0.17714774911636635,-0.42602195749589616,-0.4346396799388273,-0.410402147825713,-0.25344105662588495,-0.2614530103769011,-0.33625830788472466,-0.3430728281848846,-0.1145726211776316,-0.06204380211280157,-0.21677718563428663,-0.17901592652972995,-0.6303576680033935,-0.7022253520002604,-0.7661323124333325,-0.6188487587038863,-0.687429413317982,-0.738003038960868,-0.7657985446821448,-0.7661323124333325,-0.7489283228874778,-0.7244609254552544,-0.6990556218017803,-0.6701650533344885,-0.45355732726256337
mean__veg_height_q10,0.6773574201077167,0.8118762125898396,0.8027289378917754,0.7807358326032523,1.0,0.9730095221655513,0.9135824631022517,0.853319753934496,0.8027289378917752,0.7639160501521928,0.7353515688957333,0.7141779766778559,0.6960348935159889,0.46522816659306054,-0.5871237318057129,-0.7533265231915949,0.6026172871723048,-0.6600648923637882,0.6697952571519744,0.666854356967512,0.6745721615090534,0.6617666664437862,0.3070789065897384,0.28775500687207073,0.7271504330337762,0.7302557572690138,0.38132985481659054,0.4018940399281215,0.5474527668354316,0.32437931505957984,0.45525203957890714,0.39766528268755696,-0.2061067158707139,0.7441294626729267,0.570461791803254,0.47982348746411474,0.42993972446860573,0.39766528268755696,0.3762251411466678,0.3604425518573833,0.3484153424281652,0.33704061479024194,0.35636821990246353,-0.2954306960946807,0.26031635814151755,0.4782563671339114,-0.2611099649083446,-0.5773802510671247,-0.57132796359976,-0.050058185046438594,-0.051908964402808545,-0.4663034021995207,-0.4879923688576103,0.02465553317836869,0.0537458521576653,-0.388156083214049,-0.37653871158323904,-0.4396042625637736,-0.48005448255659655,-0.48565753294861247,-0.43921175256488304,-0.46061974922900095,-0.47493511091507495,-0.4853000821177117,-0.48565753294861247,-0.47828106045216534,-0.46828864461613084,-0.4584322326901729,-0.4477743452924821,-0.24581564037174797
mean__veg_height_q20,0.7851134285452261,0.9027396439132668,0.902325929601992,0.7268087186862313,0.9730095221655513,1.0,0.980957924105717,0.9426181383353667,0.9023259296019922,0.8680903675840705,0.8417358082147608,0.8216778249437587,0.803951087583921,0.605457478513145,-0.46982290472358185,-0.7540734679306729,0.5766533162266708,-0.5492122773424769,0.6578544927655887,0.6517055341449568,0.7263948037089636,0.713887788017702,0.2815700771005541,0.2638063342553649,0.7609233736560795,0.7590944847454569,0.33141661767450026,0.3505944645187332,0.6387603631909564,0.4078901222695739,0.5620204822989017,0.5143591500483516,-0.10021495154941237,0.850218440908607,0.7100330776839066,0.6191048741124774,0.5577268505083264,0.5143591500483516,0.4844078751429126,0.4620868249704172,0.4443144129865814,0.4272459289318132,0.45337727087669855,-0.18128220742739323,0.33342310693449795,0.5304763459323647,-0.13939976992979097,-0.560057627083789,-0.549034408088447,0.032099810121077856,0.02666981762059538,-0.46209486938732747,-0.4911742926354609,0.09766374026208315,0.12376638020034411,-0.3907179309115497,-0.3836699745521378,-0.4378230663072839,-0.45429838148291446,-0.4490673414630035,-0.3071893476315851,-0.36210278878957575,-0.40436494980035753,-0.43457145111844486,-0.4490673414630035,-0.45146161149094693,-0.4483946682994813,-0.4440620749107014,-0.438856171261244,-0.26214170073362414
mean__veg_height_q30,0.8680151848114145,0.9591014037803754,0.9639232529016142,0.6423790514866111,0.9135824631022517,0.980957924105717,1.0,0.9881589949844602,0.9639232529016142,0.9389184654140597,0.9179292128295387,0.9010864176651088,0.8855574060946102,0.7282574540210655,-0.3384388524455574,-0.6984043361589088,0.5088877023902847,-0.42132520445434063,0.6399969351211101,0.6306431093540642,0.7453231568056878,0.7339685392633012,0.23467811064610053,0.21969631816854526,0.764328933312876,0.7585802559722046,0.26400077219668777,0.2825361512536322,0.7115092542260772,0.48492433967223225,0.6518234458916777,0.6225386503713289,0.002046910515173598,0.9039834807667393,0.8077006167824009,0.7315202825611785,0.670623436563703,0.6225386503713289,0.5867528901500203,0.5585969685661136,0.5351188824407885,0.5119865163772025,0.5442431249561408,-0.07812265164328779,0.3972158763931291,0.5548086889435829,-0.03488282174255292,-0.5452605209274148,-0.5313467752792513,0.08692961049282913,0.08038338536764972,-0.4628461795699042,-0.495920784200875,0.1352095411196477,0.1564045998756448,-0.4037726889026006,-0.40179714227909075,-0.4177435593532309,-0.41051144165972847,-0.387247443915937,-0.1819489147101998,-0.2550577645446328,-0.31433169694960394,-0.3594181544887044,-0.387247443915937,-0.4004808202187717,-0.4058398786376637,-0.4083962740352256,-0.4101040558874011,-0.26293393853188646
mean__veg_height_q40,0.9251583502046417,0.9877002148646551,0.9929599613884064,0.5516932568496202,0.853319753934496,0.9426181383353667,0.9881589949844602,1.0,0.9929599613884064,0.9791694650738195,0.9651635320307431,0.9526713076159988,0.9403325283939901,0.8197467845283338,-0.22476018420480887,-0.6145754516848261,0.4242209419587149,-0.3069430371361071,0.634217136193893,0.6222560059520715,0.7554793559295186,0.7456342133228163,0.19676406648522177,0.1847856192604327,0.7637036507251549,0.7554976508571951,0.21190318727445412,0.23045231057737256,0.7642616130553707,0.5456336625030305,0.715749188712216,0.7068696431402961,0.0776698497697141,0.9159221791972701,0.8569327080269702,0.8027918168805954,0.7526370814050223,0.7068696431402961,0.6690790900749093,0.636888074090444,0.6087139701628798,0.5801675435315525,0.6160490423031026,-0.01180051706713191,0.4382980389271369,0.5551655496810288,0.028663605989718205,-0.5478487391332142,-0.5330852570107488,0.10926281020462988,0.10382821662769261,-0.4754553072079769,-0.509444618210821,0.13869047983894947,0.15542354525923832,-0.42943661973350533,-0.4314921422004917,-0.3951556616722665,-0.36947224614240187,-0.3245481914616903,-0.10009119692104991,-0.17434509811389745,-0.2363904083150695,-0.2875999881791574,-0.3245481914616903,-0.347084860036721,-0.3605340191323291,-0.3699446698014879,-0.3786329425901066,-0.2592090169253673
mean__veg_height_q50,0.958491472768388,0.9968226796247688,1.0,0.47311164893264673,0.8027289378917752,0.9023259296019922,0.9639232529016142,0.9929599613884064,1.0,0.9961775349500362,0.9886951648872724,0.9803875331341585,0.9711380302772649,0.8780280258072627,-0.138231967916162,-0.5337052955603796,0.3476818217770307,-0.21770214599094123,0.635115176301371,0.62107122910102,0.7619131212648466,0.7534411514049457,0.17142926723282045,0.16198791612347377,0.7631589580999271,0.7533998092815382,0.17736909883900323,0.1960254417869853,0.7987516918305916,0.5877208439650531,0.7553193038938645,0.7626937927545988,0.1254568808007208,0.9079639060963918,0.8754110510736691,0.8410221897133195,0.8033335357762326,0.7626937927545988,0.7253693517977507,0.6911416533832511,0.6599564737913528,0.6277144997656833,0.6653540924221012,0.027548509332075893,0.4591848865247803,0.544227209940719,0.06300154305929041,-0.5577727848318126,-0.543337914809453,0.11417659399804257,0.11091290580159947,-0.4915903539767266,-0.524855810360458,0.1265720284231524,0.139538680674622,-0.45723507454584844,-0.462357927331856,-0.3747825235522631,-0.33625383424946614,-0.2720611265374815,-0.04910563782382098,-0.11820505372501183,-0.17733507347910152,-0.2297841344246956,-0.2720611265374815,-0.30144197785056676,-0.3213913385657575,-0.33648318991808424,-0.3508842593191489,-0.2531318286464602
mean__veg_height_q60,0.9767338881966768,0.9960799025682598,0.9961775349500362,0.411122853572823,0.7639160501521928,0.8680903675840705,0.9389184654140597,0.9791694650738195,0.9961775349500362,1.0,0.9978939318722192,0.9932655997982738,0.9868274301161949,0.9129313962785288,-0.07583634136762063,-0.46730356176768967,0.2916250069956727,-0.15290738811517163,0.6362932339737256,0.620628190368819,0.7644262649168195,0.7570149756395496,0.15230001598156317,0.14477722427053524,0.7613461742348533,0.7505381399637425,0.15261362196528555,0.17138315823920075,0.8229518533387553,0.6202026535221018,0.7819177590881312,0.7995622715663164,0.15655931796011016,0.8956617899291369,0.880994976986178,0.861662446222385,0.834626573882267,0.7995622715663164,0.764166799318514,0.7297094228780298,0.6972850202385343,0.6632464077746096,0.7010492520312483,0.05436563846764289,0.4705176858706128,0.5335283471552642,0.08377805280683828,-0.565391874474336,-0.5518045678220713,0.11628865935958421,0.11537102692676744,-0.503151962437299,-0.535237464044023,0.11474223833562154,0.12440823026757843,-0.478344666516928,-0.48599200365515566,-0.3534530217301827,-0.30678805377147617,-0.22871187519616584,-0.014514202136652112,-0.07750339883012557,-0.13251194903023236,-0.18399511645407127,-0.22871187519616584,-0.26234602214584396,-0.28672487652462714,-0.305837279294658,-0.3242540482663892,-0.24185185060855682
mean__veg_height_q70,0.9874640160706807,0.9918508286724323,0.9886951648872724,0.36235696378128096,0.7353515688957333,0.8417358082147608,0.9179292128295387,0.9651635320307431,0.9886951648872724,0.9978939318722192,1.0,0.9985977459772786,0.9948330051200791,0.9344992564333104,-0.028390148802945037,-0.4156322841750999,0.2596340296288611,-0.10501434334570105,0.6330053426736971,0.6158311867721693,0.7620615864846901,0.7552679909836931,0.13282671269944601,0.12655670910801978,0.756235276702237,0.7444388907354441,0.12971327891455342,0.14842026113462978,0.842860849255993,0.6507122519467817,0.8049276916575459,0.8277110689896432,0.18326388042025463,0.8872679711245148,0.8850644900593283,0.8766943430391397,0.8577957968973732,0.8277110689896432,0.7948773940140622,0.7614586651597272,0.7291998554238274,0.6948636253501167,0.7318528930268072,0.08135081674141645,0.4842084022206187,0.5326862467379148,0.10396733717865679,-0.5645660162284987,-0.5518412396312389,0.12515703309119203,0.1262687466106133,-0.5058676920174091,-0.5370178236730191,0.11290365949760593,0.11958418908053853,-0.48848719202065494,-0.4984084027925294,-0.3282643992982836,-0.27592576201086116,-0.18910672239296747,0.015492961840375373,-0.04199663782120771,-0.09339224249733476,-0.14347120636857616,-0.18910672239296747,-0.2251459005559971,-0.25232837723961377,-0.27411982650733796,-0.2952866149416629,-0.22319950091680132
mean__veg_height_q80,0.9941884734736257,0.986570988226173,0.9803875331341585,0.3238658051525842,0.7141779766778559,0.8216778249437587,0.9010864176651088,0.9526713076159988,0.9803875331341585,0.9932655997982738,0.9985977459772786,1.0,0.9987679363736592,0.9483579746542042,0.008723019418958072,-0.3759933672785024,0.24532758025679083,-0.06906705675085385,0.6265576899817993,0.608036281570694,0.7568219889077945,0.7503601895150374,0.11354257730251735,0.10808245405191692,0.7490258913043418,0.7362943004742112,0.10808774085088432,0.12663288150048205,0.8597051854392715,0.6799137105831013,0.8262260294431647,0.8509159740515316,0.20830181796369107,0.8826642767279956,0.8895383197233747,0.8893542999281893,0.8767096928554228,0.8509159740515316,0.8208238213352922,0.7891263712367872,0.757852011279102,0.7240661032328186,0.7597388106374887,0.1088280648826158,0.5016046806073308,0.5402600158643615,0.12468855322743279,-0.5574712104842471,-0.5453469797477558,0.1391086731975807,0.14169776410795887,-0.5025472827353623,-0.5331930007232039,0.11891042900747366,0.12303661131107957,-0.4907561439484134,-0.502645063796257,-0.30151428713329004,-0.24487944995018368,-0.15282887417176078,0.043134483033618276,-0.009742937328691149,-0.058242210297941056,-0.10700687495800547,-0.15282887417176078,-0.19014149008242712,-0.21901095896317602,-0.24257183710127656,-0.26569579223237877,-0.2004457851887876
mean__veg_height_q90,0.9982538053829518,0.9801094229371847,0.9711380302772649,0.2904697145841792,0.6960348935159889,0.803951087583921,0.8855574060946102,0.9403325283939901,0.9711380302772649,0.9868274301161949,0.9948330051200791,0.9987679363736592,1.0,0.9579711472974076,0.04105139147421334,-0.3425407819945644,0.2403349363101946,-0.03885773577841362,0.6177141277257185,0.5979607470879984,0.7496137510133092,0.7432896167955207,0.09509287157973867,0.09014296865182916,0.7399633021999097,0.7263112137444309,0.08748383733477559,0.10574595112398945,0.8731153968348431,0.706695274322182,0.8452672559698015,0.8707308484582886,0.2324269628730031,0.8788687723069686,0.8931876905481088,0.8999601284532686,0.8927005091733214,0.8707308484582886,0.8432793805029501,0.8134537257008158,0.7834224523013004,0.7504564821812926,0.7848166041095537,0.13682074296714886,0.5212744799895137,0.5526702592420253,0.14587094302320652,-0.5462321939524319,-0.5344998631692365,0.15555911335749653,0.15904633811234445,-0.4955754632115183,-0.526103175000961,0.1290538564115916,0.13098038068072881,-0.4883182708611551,-0.5019116882276349,-0.27532232101306764,-0.21464786028276955,-0.11882030552714863,0.06957218486863297,0.020726558622151496,-0.02525444601204111,-0.07292995156687833,-0.11882030552714863,-0.15703622775371812,-0.1871923488943337,-0.212183244043411,-0.23700732166074762,-0.17710134289324325
mean__veg_height_sd,0.964153328155433,0.8866648483400379,0.8780280258072627,0.04735998352180683,0.46522816659306054,0.605457478513145,0.7282574540210655,0.8197467845283338,0.8780280258072627,0.9129313962785288,0.9344992564333104,0.9483579746542042,0.9579711472974076,1.0,0.29437223481012764,-0.12007094652790243,0.0857048770953235,0.21832318182102667,0.48161585993005473,0.45837944913053846,0.6343988708324285,0.6310161908360502,-0.032898678036947515,-0.0319130003136153,0.6023527100834782,0.583993678043286,-0.07017734568631354,-0.05562210034073822,0.859263738624122,0.7514702087021711,0.8702319663187477,0.9259268234486819,0.39045602288881276,0.7944060038524523,0.8813284580437739,0.9275250193903456,0.939739827986701,0.9259268234486819,0.9007097653866759,0.8701173862635687,0.8377256994114763,0.8011730870311341,0.8391468266702372,0.3101883744888179,0.5739212537291543,0.5250756044638784,0.30663514401493996,-0.42683805597320634,-0.41454126355429394,0.2256728817793806,0.22947906975173746,-0.4129569118808355,-0.4430412457870495,0.16364342609550678,0.15327876379716257,-0.434991360876042,-0.45734581446597383,-0.15434923856709631,-0.05926800962511548,0.06329789372746385,0.2751603027465133,0.2282683892838969,0.1779604736906276,0.1216113234747703,0.06329789372746385,0.011837324110575186,-0.030523870340971954,-0.06632017368603058,-0.10245792025819483,-0.10528927534897423
mean__veg_height_cv,0.07383916673283163,-0.12756474866378223,-0.138231967916162,-0.8688884580152147,-0.5871237318057129,-0.46982290472358185,-0.3384388524455574,-0.22476018420480887,-0.138231967916162,-0.07583634136762063,-0.028390148802945037,0.008723019418958072,0.04105139147421334,0.29437223481012764,1.0,0.7408001046129824,-0.3372760739148002,0.9853506133962291,-0.4768693711175993,-0.503716012456087,-0.2742481794214548,-0.2697350657902131,-0.5436064359869024,-0.5266500317819711,-0.35581717503109705,-0.38181386888170593,-0.6560783141927284,-0.668912946633462,0.19032535435271145,0.36811433895966233,0.29565534203844096,0.37060709393301366,0.6593027065442092,-0.06109144024992074,0.15853218467088853,0.278386509217988,0.339729326910714,0.37060709393301366,0.38396226817234974,0.3883615310742559,0.3865536869603747,0.3807149415157344,0.40105745110755736,0.781638860262068,0.38572637975437646,0.17465220415574767,0.7027665736724354,0.4061260446008215,0.3945082950601425,0.4408813880122707,0.4368371000457969,0.277299853801725,0.26055370667708355,0.2996018374082905,0.24528367186412148,0.16300182767811439,0.1168464836398972,0.5400667893189274,0.6808347480392611,0.7871853124890493,0.8535071207127272,0.8716277121381545,0.8612648011730959,0.8320316721811377,0.7871853124890493,0.7376409510818547,0.6897727917777211,0.6459141829267607,0.5993829230789537,0.41765945818840267
mean__veg_height_skew,-0.3073640467924172,-0.5039193210094645,-0.5337052955603796,-0.9321629517754852,-0.7533265231915949,-0.7540734679306729,-0.6984043361589088,-0.6145754516848261,-0.5337052955603796,-0.46730356176768967,-0.4156322841750999,-0.3759933672785024,-0.3425407819945644,-0.12007094652790243,0.7408001046129824,1.0,-0.6196871721114385,0.7947175164803054,-0.5055849959590486,-0.5163819496631529,-0.49865214734310154,-0.48601597856565515,-0.4883892375704067,-0.46409759744559725,-0.5341607059026852,-0.541802155684762,-0.5387823592232519,-0.5463923122788032,-0.10192668071588017,0.12715520306131,-0.0387203447256446,0.025515073801412623,0.3714459074104061,-0.5146601851727833,-0.32009379307077246,-0.16207673010908613,-0.04757182606668694,0.025515073801412623,0.06847067463797288,0.09378947905032643,0.10911430834831072,0.12039006777223324,0.08720312508676425,0.3901003397514667,-0.027925761843273715,-0.2896946688426529,0.30001587408598807,0.37214018015903555,0.33574434585625235,0.15801406330637288,0.17798868827223985,0.3225867423089167,0.3424409154550962,0.01578086206014971,-0.036982577859736396,0.20452869741594865,0.16835982365606875,0.6392505458141072,0.6759436372686621,0.7353382945099061,0.4482106502931814,0.5657018785434853,0.6579609064621733,0.7159270771409106,0.7353382945099061,0.7290559411829747,0.7117559876266474,0.6924889841829002,0.6699255865604024,0.47131077035692276
mean__veg_height_kurt,0.24130436337206723,0.35069225527283454,0.3476818217770307,0.5333037277336183,0.6026172871723048,0.5766533162266708,0.5088877023902847,0.4242209419587149,0.3476818217770307,0.2916250069956727,0.2596340296288611,0.24532758025679083,0.2403349363101946,0.0857048770953235,-0.3372760739148002,-0.6196871721114385,1.0,-0.4672820519975833,0.09450567274368486,0.09330305543613956,0.07564608316840714,0.054391046071246875,-0.1027335116684984,-0.1310919689942019,0.12549921874923664,0.12098001199208037,-0.020717509000021884,-0.015069701320210543,0.2046582895190535,0.19303793888943832,0.2382596372184258,0.1442500186630313,0.053036622225866914,0.5004141522048238,0.3564270154974712,0.25020121620244523,0.17817921044070614,0.1442500186630313,0.13796189206924017,0.1473366059052898,0.1612331753884229,0.17497157879944616,0.21238225540344313,0.1679216887256357,0.5347600096276682,0.7793321579104289,0.154231527962908,0.043504211335287354,0.051977505476867206,0.2461756379579374,0.2119010851978968,0.01951926407143337,-0.019599735503658306,0.3280523090188975,0.32799034181135917,0.08179761599305897,0.07525477868883179,-0.051049709485470066,-0.052564677978348566,-0.11107063707199437,0.004909827077233736,-0.032842114578395414,-0.07755909144206354,-0.10862852941232355,-0.11107063707199437,-0.09562365676934181,-0.07879154412347693,-0.06630714682752009,-0.057175429075740254,0.15411158060841287
mean__veg_height_gini,-0.008750514585747047,-0.20921573501807916,-0.21770214599094123,-0.91528410655796,-0.6600648923637882,-0.5492122773424769,-0.42132520445434063,-0.3069430371361071,-0.21770214599094123,-0.15290738811517163,-0.10501434334570105,-0.06906705675085385,-0.03885773577841362,0.21832318182102667,0.9853506133962291,0.7947175164803054,-0.4672820519975833,1.0,-0.48887188858360664,-0.5124729093444433,-0.28857896811903366,-0.27991876181666164,-0.48116906748044685,-0.4595084684996685,-0.3718853415528884,-0.3945780381898177,-0.5990238604806131,-0.6127024203949983,0.11234852287142202,0.28318185870476026,0.20234755006805819,0.28209691856227165,0.5841895221852358,-0.16421647167432926,0.05659817895158212,0.18055400798304047,0.2474338343887165,0.28209691856227165,0.29703926128937475,0.3015954812963843,0.29977000113553914,0.29452452748044744,0.3060954341044069,0.6866981404600178,0.24504078148529218,0.02047467410267169,0.6163933492929623,0.39069373299704735,0.3778644964599099,0.3639574878077907,0.36413510299959934,0.2744843061213141,0.26508092816217393,0.22295606299571916,0.17245991623345505,0.15841999567114123,0.11685103676584675,0.5266944830009873,0.6524558882999733,0.7536876465331462,0.7857953959769903,0.809663199391399,0.809954850337527,0.7913435581948133,0.7536876465331462,0.7083946009514098,0.6638342559551085,0.6232262364597309,0.5805470175439871,0.37704533917586075
mean__canopy_cover_gt1m,0.6070442047657275,0.652901129285182,0.635115176301371,0.5482462602580755,0.6697952571519744,0.6578544927655887,0.6399969351211101,0.634217136193893,0.635115176301371,0.6362932339737256,0.6330053426736971,0.6265576899817993,0.6177141277257185,0.48161585993005473,-0.4768693711175993,-0.5055849959590486,0.09450567274368486,-0.48887188858360664,1.0,0.9983584081671862,0.8469058019548198,0.8439086320276428,0.5960917952988667,0.5863601618540515,0.8991861287216892,0.9084382751233531,0.6774454613121071,0.7015019328381801,0.49404042089475847,0.2609520816547326,0.3615407533362932,0.3650759661486203,-0.41685806394029334,0.46566700713068626,0.3788136873759217,0.3613281009838842,0.3667342891982286,0.3650759661486203,0.3534860712516918,0.33448650563459464,0.3135003121403416,0.29133343969525305,0.29066730667620727,-0.5212814742384858,-0.012579322699062102,0.11108665701588959,-0.523743565123295,-0.841289207149666,-0.8187094724503573,-0.4161096828145864,-0.3929595303992812,-0.8167377494477936,-0.8095904948441784,-0.40246106384313984,-0.36663204001926636,-0.7732938132161006,-0.7484794694296495,-0.6139365879951587,-0.6310569942975756,-0.5560836160504684,-0.4910795229401653,-0.5232356932171691,-0.5341147137004243,-0.5429238679110665,-0.5560836160504684,-0.5715879596146095,-0.5835621331771583,-0.5932705000136267,-0.5986612548575825,-0.49430031968463123
mean__canopy_cover_gt1m_w,0.585883573512746,0.637441439423001,0.62107122910102,0.5627119721427378,0.666854356967512,0.6517055341449568,0.6306431093540642,0.6222560059520715,0.62107122910102,0.620628190368819,0.6158311867721693,0.608036281570694,0.5979607470879984,0.45837944913053846,-0.503716012456087,-0.5163819496631529,0.09330305543613956,-0.5124729093444433,0.9983584081671862,1.0,0.8329977197441633,0.8303715276651169,0.6059029805300904,0.5962953383160756,0.888538603635707,0.8999552760382923,0.6921563619684507,0.7175647450756792,0.46693240029256733,0.23144062367714227,0.3335402074864867,0.3372469670493194,-0.43861362407818416,0.44763015445722404,0.3558636283716002,0.33570866940703337,0.3398202566774364,0.3372469670493194,0.3250312561209363,0.30550750435396856,0.2842123958439565,0.2618819851660803,0.26103839418717617,-0.5519265795354447,-0.0367936453228273,0.08887492933649718,-0.5484796358976972,-0.8441447231956501,-0.8220476683260467,-0.44104599360417374,-0.4196701501131266,-0.8155105536832241,-0.8083065329858584,-0.4227126380378546,-0.3860142566831073,-0.7690458738606809,-0.7431153704987374,-0.625685655475478,-0.6489399741168905,-0.5788271945070871,-0.5197442462037695,-0.5523553977281913,-0.5617456655296197,-0.568179178268729,-0.5788271945070871,-0.5919704481188929,-0.6018099342364276,-0.609564083505834,-0.6129960754990404,-0.5071160024407285
mean__fhd,0.7412805139498765,0.771543814706746,0.7619131212648466,0.43920450560176494,0.6745721615090534,0.7263948037089636,0.7453231568056878,0.7554793559295186,0.7619131212648466,0.7644262649168195,0.7620615864846901,0.7568219889077945,0.7496137510133092,0.6343988708324285,-0.2742481794214548,-0.49865214734310154,0.07564608316840714,-0.28857896811903366,0.8469058019548198,0.8329977197441633,1.0,0.9991094324132954,0.6498080214067531,0.645039962449983,0.9869201342907831,0.9816538773321113,0.629528419424108,0.6402147621401653,0.5923318018681127,0.3305957847663446,0.4518098514774347,0.4613665414822474,-0.28891620897540016,0.5843349269235913,0.509087842857741,0.4817654781949976,0.4740110781476668,0.4613665414822474,0.44143630026316255,0.4171584442701633,0.3918184039454266,0.36494792561377964,0.3785287821460342,-0.3327066960511974,0.019807043385587947,0.17992549293472931,-0.34824968577311866,-0.7776921519184987,-0.7533857244972731,-0.19343487216663957,-0.18660392904931672,-0.7226858433085593,-0.7380575578391672,-0.18183821513222906,-0.1461662930407815,-0.6836579814836578,-0.6649434610590044,-0.5845687837175397,-0.5624289527369828,-0.4698418206358529,-0.30290355614272424,-0.38053412996662234,-0.4174033931600512,-0.4427217383086211,-0.4698418206358529,-0.4971781678639013,-0.5198086315951713,-0.5396648069720649,-0.5565773428689432,-0.49307549754936764
mean__fhd_w,0.7350283649798953,0.7630734262186631,0.7534411514049457,0.42677216291994247,0.6617666664437862,0.713887788017702,0.7339685392633012,0.7456342133228163,0.7534411514049457,0.7570149756395496,0.7552679909836931,0.7503601895150374,0.7432896167955207,0.6310161908360502,-0.2697350657902131,-0.48601597856565515,0.054391046071246875,-0.27991876181666164,0.8439086320276428,0.8303715276651169,0.9991094324132954,1.0,0.6576333229009467,0.6552454329088125,0.9837348630575948,0.9787712472305375,0.6335434945012729,0.6440763064640456,0.5862910669317193,0.3274076799642314,0.4469224110977194,0.4579539300567925,-0.2933296686172401,0.5729756431222145,0.5008859160665666,0.4758336185587403,0.4696980461706384,0.4579539300567925,0.43839285760170466,0.41414143640825807,0.3887620117147845,0.3618394216481392,0.3745552591442959,-0.3422225948992672,0.005308354750037048,0.15969370123993507,-0.3561138898774787,-0.7808185936512652,-0.75593995712242,-0.2039109456736686,-0.19583433416911566,-0.7247034500199222,-0.738625590826815,-0.19213659342020384,-0.15614458939448347,-0.6855746651134035,-0.6663668544263304,-0.5836752115482776,-0.5631524893714359,-0.4700630516770937,-0.30750814141157384,-0.38362945174053625,-0.41914931940165495,-0.4434639686473607,-0.4700630516770937,-0.4972824686494188,-0.5197926705615745,-0.5394644259132518,-0.5561290363955282,-0.4968291156142092
mean__vci,0.07608193808086815,0.16335959500865257,0.17142926723282045,0.4485495867954972,0.3070789065897384,0.2815700771005541,0.23467811064610053,0.19676406648522177,0.17142926723282045,0.15230001598156317,0.13282671269944601,0.11354257730251735,0.09509287157973867,-0.032898678036947515,-0.5436064359869024,-0.4883892375704067,-0.1027335116684984,-0.48116906748044685,0.5960917952988667,0.6059029805300904,0.6498080214067531,0.6576333229009467,1.0,0.9982628364660061,0.6341970747921286,0.6448519568368425,0.969550164233012,0.9598926106297281,-0.1891713109705368,-0.3909487090064382,-0.2816809187923032,-0.2658246793539396,-0.7260123156419731,-0.01734646106550045,-0.1487004007130705,-0.21544937120049273,-0.24367458710809267,-0.2658246793539396,-0.28997441638467675,-0.31595602741560874,-0.3398829082077052,-0.3635111343357742,-0.36170834049415074,-0.7240292260776341,-0.5737744186440092,-0.3630272707677846,-0.7195729602898475,-0.6110870594001032,-0.5743052131485699,-0.5609861346807333,-0.5639277440830326,-0.5010352768531292,-0.4890864422281377,-0.47544123110210984,-0.4120804151227657,-0.4243516190446317,-0.37002377654188556,-0.8183533399412106,-0.834063801124473,-0.8023974536699646,-0.6238890237833574,-0.7266230921667652,-0.7718683157115508,-0.7907090831729955,-0.8023974536699646,-0.8120246369764649,-0.8183547973365298,-0.8222137041043285,-0.8218998468217062,-0.814786568058512
mean__vci_w,0.07157512325773228,0.15412219612575304,0.16198791612347377,0.4234907908519163,0.28775500687207073,0.2638063342553649,0.21969631816854526,0.1847856192604327,0.16198791612347377,0.14477722427053524,0.12655670910801978,0.10808245405191692,0.09014296865182916,-0.0319130003136153,-0.5266500317819711,-0.46409759744559725,-0.1310919689942019,-0.4595084684996685,0.5863601618540515,0.5962953383160756,0.645039962449983,0.6552454329088125,0.9982628364660061,1.0,0.6259452083070659,0.6366882856817335,0.962033949360719,0.9523303574101106,-0.18947429115620643,-0.38588726918560085,-0.280175745658469,-0.2622807930554876,-0.7220292521098725,-0.02897928313491393,-0.15384761318757884,-0.21629260560740982,-0.24173458759458089,-0.2622807930554876,-0.28562234395152764,-0.3112870738951825,-0.33505078056761356,-0.35855589934718135,-0.3578989216071299,-0.7257878388415295,-0.5842241352138166,-0.3833464396498876,-0.720185464698627,-0.6101099786633837,-0.5728887627536464,-0.5667595269796661,-0.5678836820867136,-0.5009803152090904,-0.4873650737918074,-0.4826219851227496,-0.4197282473156797,-0.42539059024606807,-0.371241602104272,-0.8063194917246094,-0.8234788802223464,-0.7905062280410243,-0.6195425833916557,-0.7190708551734102,-0.761999870040843,-0.7794077053806013,-0.7905062280410243,-0.8001591040867642,-0.8065491067612168,-0.810394498580767,-0.8100307806623254,-0.8093842370081181
mean__shann_capture,0.7300191216487003,0.7748878825181938,0.7631589580999271,0.4969447815379518,0.7271504330337762,0.7609233736560795,0.764328933312876,0.7637036507251549,0.7631589580999271,0.7613461742348533,0.756235276702237,0.7490258913043418,0.7399633021999097,0.6023527100834782,-0.35581717503109705,-0.5341607059026852,0.12549921874923664,-0.3718853415528884,0.8991861287216892,0.888538603635707,0.9869201342907831,0.9837348630575948,0.6341970747921286,0.6259452083070659,1.0,0.9990262830913696,0.6532111034430178,0.669137513475988,0.6008609154885268,0.32979903301269453,0.4441206977323282,0.4437300902886962,-0.3358918427964349,0.5826949883460831,0.4919196544152908,0.46094248480146666,0.4539707323563513,0.4437300902886962,0.4269086100458009,0.40580372515900076,0.3835749191027861,0.3601186911863442,0.36831869025128633,-0.39014902754188324,0.015229199026456378,0.18983164365907962,-0.4063177169523282,-0.8108401521059665,-0.7920927411322235,-0.23774130659959902,-0.22958577632709237,-0.7553818094658994,-0.7690370845728406,-0.22119127506664,-0.1872529934834091,-0.7115616746969269,-0.6937713484172623,-0.5776171204267997,-0.5753071015285809,-0.49468463704563426,-0.37055288619811866,-0.4360869685669156,-0.46180235983661455,-0.47694062074333815,-0.49468463704563426,-0.5137902511503196,-0.52963605865383,-0.5437834027338505,-0.5549877809682919,-0.46916591743114205
mean__shann_capture_w,0.7153032846755245,0.7647841339092791,0.7533998092815382,0.5109937965407577,0.7302557572690138,0.7590944847454569,0.7585802559722046,0.7554976508571951,0.7533998092815382,0.7505381399637425,0.7444388907354441,0.7362943004742112,0.7263112137444309,0.583993678043286,-0.38181386888170593,-0.541802155684762,0.12098001199208037,-0.3945780381898177,0.9084382751233531,0.8999552760382923,0.9816538773321113,0.9787712472305375,0.6448519568368425,0.6366882856817335,0.9990262830913696,1.0,0.6699953860854436,0.6873936985698595,0.5848474361127298,0.31097905430414574,0.42517442180069664,0.42412018041750416,-0.3585105909839259,0.5684017108933704,0.4731650048950687,0.44102423992690754,0.434186205774602,0.42412018041750416,0.40742031483052255,0.38631877033315454,0.3641763539197955,0.34094840356621636,0.3480001415099965,-0.42083524666002714,-0.007134183488586667,0.1692365979415613,-0.4333486540935748,-0.8209615644878266,-0.8030060522829513,-0.2626498278114876,-0.2546731773790893,-0.7627660739008102,-0.7755513074976209,-0.2432152980968561,-0.20828586030620133,-0.7168050592219004,-0.6978585272458849,-0.5863186251711772,-0.5898994320401811,-0.5128660238593987,-0.3992335011925888,-0.4625950830495156,-0.48533765797845485,-0.497600386846492,-0.5128660238593987,-0.529885635613387,-0.5439042538814324,-0.5563978561961235,-0.5658669638418209,-0.4771583970125086
mean__norm_shann_capture,0.06667601853244952,0.1726177232706025,0.17736909883900323,0.5302468994014953,0.38132985481659054,0.33141661767450026,0.26400077219668777,0.21190318727445412,0.17736909883900323,0.15261362196528555,0.12971327891455342,0.10808774085088432,0.08748383733477559,-0.07017734568631354,-0.6560783141927284,-0.5387823592232519,-0.020717509000021884,-0.5990238604806131,0.6774454613121071,0.6921563619684507,0.629528419424108,0.6335434945012729,0.969550164233012,0.962033949360719,0.6532111034430178,0.6699953860854436,1.0,0.9984440841852872,-0.171098377133383,-0.3847323933104815,-0.2849945715984667,-0.28221003917419507,-0.7892283270102097,-0.014733518139546082,-0.16593328794328177,-0.2367328735640068,-0.2634786750194983,-0.28221003917419507,-0.30205053546254945,-0.32365304309716164,-0.3433719438882502,-0.3624636998465091,-0.3670932733431553,-0.7980855327947824,-0.5641087726972884,-0.33397819522146194,-0.7966609620441322,-0.6577758668457812,-0.6292754980435445,-0.624567341692437,-0.6269294008626466,-0.5547215238594856,-0.5415266583854095,-0.5341726224598156,-0.4746148889622574,-0.4726827497339188,-0.4207189075699961,-0.8079031239724754,-0.8491088563802578,-0.8324264503977291,-0.710543077822608,-0.7971674099837498,-0.8276950118462445,-0.8331118978851391,-0.8324264503977291,-0.8311891446656221,-0.8286500150542228,-0.8251931420504468,-0.8176038181430073,-0.7772884396824042
mean__norm_shann_capture_w,0.08448044816068515,0.19191256466283835,0.1960254417869853,0.543494754261967,0.4018940399281215,0.3505944645187332,0.2825361512536322,0.23045231057737256,0.1960254417869853,0.17138315823920075,0.14842026113462978,0.12663288150048205,0.10574595112398945,-0.05562210034073822,-0.668912946633462,-0.5463923122788032,-0.015069701320210543,-0.6127024203949983,0.7015019328381801,0.7175647450756792,0.6402147621401653,0.6440763064640456,0.9598926106297281,0.9523303574101106,0.669137513475988,0.6873936985698595,0.9984440841852872,1.0,-0.14723283950364285,-0.36624521595370946,-0.26662875408590475,-0.26484297826428965,-0.791488586807153,0.00039566772509448504,-0.15205999317832228,-0.2216392808611471,-0.24695536353159156,-0.26484297826428965,-0.2841943687107367,-0.3055841495108403,-0.325189576489777,-0.3441007796637407,-0.3489674113496367,-0.8098776481224104,-0.5552352553730425,-0.32592879999981617,-0.8063056612174426,-0.6768339806643725,-0.6499226787111932,-0.6337603097271743,-0.6360890760831666,-0.5773657894811138,-0.5648794291829038,-0.5450065405970211,-0.4861195656705032,-0.4955376882208459,-0.4443326356109758,-0.8022534700175042,-0.8473478282479044,-0.8310534798000873,-0.7216661611989559,-0.8042917060997729,-0.830975880977286,-0.8335759241022109,-0.8310534798000873,-0.8285717993018097,-0.8250271431891093,-0.8207828908270185,-0.8123687980903567,-0.7652080875281618
